8.247040212154388428e-03
4.566526040434837341e-02
4.397719725966453552e-02
-3.647900745272636414e-02
2.682996727526187897e-02
4.868528805673122406e-03
-7.596508413553237915e-02
-5.066008493304252625e-02
6.336015462875366211e-02
-3.509397152811288834e-03
-1.808850211091339588e-03
4.397548735141754150e-02
3.899239003658294678e-02
3.673530742526054382e-02
4.925831779837608337e-02
-1.639847829937934875e-02
-9.007180109620094299e-03
2.523922920227050781e-02
-5.193154513835906982e-02
-4.593549668788909912e-02
-5.170558020472526550e-02
-9.774966165423393250e-03
1.331865694373846054e-02
1.683524250984191895e-02
-5.467166379094123840e-02
3.895149379968643188e-02
-6.202225387096405029e-02
4.268588125705718994e-02
1.842074654996395111e-02
3.088037297129631042e-02
2.947536110877990723e-02
5.618694704025983810e-03
-1.227389741688966751e-02
-1.069520413875579834e-02
4.513737186789512634e-02
-9.137388318777084351e-03
