-1.894753985106945038e-02
-5.911869928240776062e-02
-1.184183452278375626e-02
3.359665721654891968e-02
-1.672149822115898132e-02
3.033046610653400421e-02
3.696564584970474243e-02
-2.026523277163505554e-02
4.283583164215087891e-02
-3.949559852480888367e-02
-7.764009293168783188e-03
3.888496011495590210e-02
1.647871802560985088e-03
3.833755850791931152e-02
-5.079886317253112793e-02
-4.400650784373283386e-02
-4.212618619203567505e-02
-5.124282836914062500e-02
-2.167957834899425507e-02
-7.565866690129041672e-03
-4.425142332911491394e-02
-2.988834679126739502e-02
-3.514156863093376160e-02
1.341781928203999996e-03
3.818338736891746521e-02
4.811588674783706665e-02
-5.775579437613487244e-02
-2.574654668569564819e-02
1.829727366566658020e-02
-4.814041405916213989e-02
2.150712534785270691e-02
2.309014461934566498e-02
-1.156165078282356262e-02
3.278047591447830200e-02
6.454300135374069214e-02
-1.908415555953979492e-02
-2.306627482175827026e-02
-2.105110697448253632e-02
6.023188587278127670e-03
6.453664600849151611e-02
5.721401423215866089e-02
-4.886361956596374512e-02
8.883170783519744873e-03
-1.396453473716974258e-03
2.291992865502834320e-02
-2.470388635993003845e-02
1.264016982167959213e-02
-6.161618512123823166e-03
5.862608924508094788e-02
-4.241752997040748596e-02
1.269116625189781189e-02
-5.625412613153457642e-02
3.673125430941581726e-02
-2.710877172648906708e-02
-7.912953384220600128e-03
4.409449175000190735e-03
3.445564210414886475e-02
5.837550759315490723e-02
-4.114767536520957947e-02
-1.806648634374141693e-02
-2.383887581527233124e-02
2.940563298761844635e-02
6.334807723760604858e-03
-3.361899778246879578e-02
-4.950456786900758743e-03
2.517477981746196747e-02
-2.891305834054946899e-02
4.914181679487228394e-02
-2.739873901009559631e-02
4.328610002994537354e-02
-6.423857063055038452e-02
3.047101385891437531e-02
-2.156161004677414894e-03
1.333319954574108124e-02
4.102330282330513000e-02
-4.192132130265235901e-02
-3.744778782129287720e-02
-6.119901314377784729e-02
-5.894472822546958923e-02
-3.667002916336059570e-02
-1.648017577826976776e-02
-1.332512591034173965e-02
-6.176835671067237854e-02
-6.254949420690536499e-02
1.997294137254357338e-03
5.549626052379608154e-02
-4.435271397233009338e-02
-3.598891198635101318e-02
3.240162134170532227e-02
2.001023385673761368e-03
1.896000350825488567e-03
-4.448264092206954956e-02
-2.664310485124588013e-02
-4.247106239199638367e-02
4.969115834683179855e-03
4.021177813410758972e-02
-4.219187051057815552e-02
-6.183978635817766190e-03
2.364413626492023468e-02
5.215871706604957581e-02
8.922765962779521942e-03
-5.737226083874702454e-02
-4.925233498215675354e-02
-4.090009629726409912e-02
1.500632707029581070e-02
-1.784192770719528198e-02
-2.308858558535575867e-02
3.478580713272094727e-02
-4.615693818777799606e-03
4.624389484524726868e-02
-3.609275445342063904e-02
7.769327610731124878e-03
-2.164883166551589966e-02
2.949354238808155060e-02
5.345726758241653442e-02
6.133778020739555359e-02
9.315256960690021515e-03
-2.833995968103408813e-02
3.515075519680976868e-02
5.631862953305244446e-02
3.709162352606654167e-03
-3.016403131186962128e-02
-5.633905529975891113e-03
4.845777526497840881e-02
4.740533977746963501e-02
-6.038480903953313828e-03
-3.192574530839920044e-02
-5.295325070619583130e-03
6.120276823639869690e-02
-5.027104541659355164e-02
-9.312000125646591187e-03
-6.796253379434347153e-03
-4.690678045153617859e-02
-2.738823555409908295e-02
1.183640770614147186e-02
2.612911351025104523e-02
4.084600135684013367e-02
-4.492396861314773560e-02
-5.698806419968605042e-02
-2.866888046264648438e-02
5.967488046735525131e-03
-2.261725068092346191e-02
-3.785097226500511169e-02
-1.728738099336624146e-02
-4.926437139511108398e-02
-5.052314326167106628e-02
1.866394467651844025e-02
-2.856068685650825500e-02
-2.926103584468364716e-02
-2.724976651370525360e-02
2.180426381528377533e-02
1.262013241648674011e-02
-4.668103531002998352e-02
-1.339966151863336563e-02
4.123564809560775757e-02
1.590250059962272644e-02
-3.205475956201553345e-02
3.778800368309020996e-03
5.823707208037376404e-02
3.466518223285675049e-02
2.760764770209789276e-02
-3.711731731891632080e-02
-4.898558184504508972e-02
4.674657806754112244e-02
-2.896544523537158966e-02
-4.440926015377044678e-02
2.677984163165092468e-02
-3.841309994459152222e-02
-5.656366050243377686e-02
-9.205940179526805878e-03
-3.418887406587600708e-02
2.184109389781951904e-02
-2.398516424000263214e-02
-9.897401556372642517e-03
1.947559975087642670e-02
-5.310411751270294189e-02
5.440963804721832275e-02
-2.768309786915779114e-02
2.937193773686885834e-02
-4.869643598794937134e-02
-4.053828492760658264e-02
-4.704800248146057129e-02
-4.010843485593795776e-02
-2.890347503125667572e-02
2.919081225991249084e-02
-2.982323430478572845e-02
-4.237705469131469727e-02
6.563737243413925171e-02
2.483826363459229469e-03
-3.291630372405052185e-02
-1.717578619718551636e-02
-3.587517887353897095e-02
3.906202688813209534e-02
-1.004137005656957626e-02
3.356453031301498413e-02
-4.197986796498298645e-02
-3.079830901697278023e-03
-4.583306983113288879e-02
6.096254289150238037e-02
5.447238218039274216e-04
4.322432354092597961e-02
-9.790028445422649384e-03
4.288263618946075439e-02
8.480703458189964294e-03
4.327111691236495972e-02
4.902673512697219849e-02
4.516497999429702759e-02
5.177689716219902039e-02
-2.733275294303894043e-02
-4.213343560695648193e-02
3.950680419802665710e-02
-3.843794111162424088e-03
5.954329296946525574e-02
-1.712798513472080231e-02
5.822580680251121521e-02
-4.404714703559875488e-02
-6.063582003116607666e-02
-6.093930825591087341e-02
-2.586216107010841370e-02
3.435798361897468567e-02
2.145721949636936188e-02
-5.514203011989593506e-02
-2.634268254041671753e-02
1.110250875353813171e-02
3.960988018661737442e-03
-5.091766268014907837e-02
-4.933754727244377136e-02
-5.622775107622146606e-02
6.117209047079086304e-02
8.147472515702247620e-03
1.713027805089950562e-02
5.500434711575508118e-02
-1.282033626921474934e-03
4.963646829128265381e-02
4.126091673970222473e-02
6.325624138116836548e-02
-5.531395971775054932e-02
3.461858257651329041e-02
5.703465547412633896e-03
7.388450670987367630e-03
-1.837253943085670471e-02
5.998489633202552795e-02
-1.718018017709255219e-02
-4.243967682123184204e-02
-3.994040191173553467e-03
4.692881554365158081e-02
5.027869716286659241e-02
3.411774337291717529e-02
4.531956277787685394e-03
-4.658184945583343506e-02
2.449584007263183594e-02
4.679569229483604431e-02
-2.965912595391273499e-02
-4.489554464817047119e-02
4.034016281366348267e-02
1.413822825998067856e-02
