-9.263542480766773224e-03
1.700924523174762726e-02
5.531643910217098892e-05
-8.356343023478984833e-03
9.189308620989322662e-03
1.242999220266938210e-03
1.676334254443645477e-02
1.246537547558546066e-02
-1.031290367245674133e-02
2.317480277270078659e-03
4.979341174475848675e-04
5.169439129531383514e-03
5.667220335453748703e-03
-1.160728558897972107e-02
-6.829184014350175858e-03
2.367144916206598282e-03
-3.478384809568524361e-03
-1.893661916255950928e-02
-1.654120162129402161e-03
8.230424486100673676e-03
-1.330520398914813995e-02
-1.210654899477958679e-02
-7.058937917463481426e-04
-2.171281026676297188e-03
-1.707822084426879883e-02
-1.655442453920841217e-02
7.791372481733560562e-03
1.529159396886825562e-02
3.182391170412302017e-03
3.284672508016228676e-03
-1.347575243562459946e-02
-4.431456793099641800e-03
3.528140718117356300e-03
-2.242472209036350250e-02
-5.488534457981586456e-03
-1.192097202874720097e-03
1.662371866405010223e-02
-8.254576474428176880e-03
-2.093235671054571867e-04
5.865474231541156769e-03
4.985849373042583466e-03
6.790513638406991959e-03
-1.391221862286329269e-02
-1.900056377053260803e-02
3.379911417141556740e-03
1.017428189516067505e-02
9.296588250435888767e-04
-2.318083774298429489e-03
-1.527681853622198105e-02
-9.215508587658405304e-03
-2.952677430585026741e-03
-1.210984773933887482e-03
3.340766532346606255e-03
1.312990766018629074e-02
-3.367217257618904114e-03
9.781437925994396210e-03
-3.643062897026538849e-03
5.499644204974174500e-03
1.541969180107116699e-02
-1.154271792620420456e-02
-1.448184717446565628e-02
6.449195090681314468e-03
8.660117164254188538e-03
-9.305816143751144409e-03
9.429552592337131500e-03
-1.285515725612640381e-02
6.998364813625812531e-03
-8.822696283459663391e-03
1.535431481897830963e-02
-1.991770695894956589e-03
5.097568035125732422e-03
1.527466438710689545e-02
-6.754800560884177685e-04
1.184908673167228699e-02
-1.694701425731182098e-02
1.894021034240722656e-02
1.477674860507249832e-02
-8.577266708016395569e-03
-2.100751968100667000e-03
1.108704973012208939e-02
-1.847866177558898926e-02
-7.228232920169830322e-03
-9.252917952835559845e-03
-1.729405857622623444e-02
-1.547582074999809265e-02
-1.826285617426037788e-03
1.456979569047689438e-02
8.493897505104541779e-03
4.290038719773292542e-03
2.929706359282135963e-03
-9.754935279488563538e-03
2.831591293215751648e-03
-1.776731014251708984e-02
-1.198692247271537781e-03
-1.015501003712415695e-02
2.398372627794742584e-02
1.216305233538150787e-02
-6.966937216930091381e-04
5.706894677132368088e-03
2.085102722048759460e-03
3.175609512254595757e-03
6.575214676558971405e-03
-7.612650748342275620e-03
2.008649893105030060e-02
1.728956960141658783e-02
-1.350198779255151749e-02
-1.097545120865106583e-02
-1.677303202450275421e-02
1.267324294894933701e-02
-2.020272985100746155e-02
-8.085499517619609833e-03
-6.977761164307594299e-03
2.560341265052556992e-03
7.367134559899568558e-03
-1.179619575850665569e-03
5.214234348386526108e-03
-1.248893328011035919e-02
1.855977997183799744e-02
1.171285193413496017e-02
-2.188000828027725220e-03
1.932473108172416687e-02
1.300813537091016769e-02
4.302285611629486084e-03
-6.043167086318135262e-04
-1.474397536367177963e-02
-1.233685016632080078e-02
-1.007191278040409088e-02
1.372877322137355804e-02
9.271999821066856384e-03
7.600696757435798645e-03
-1.066103484481573105e-02
-9.488096460700035095e-03
-5.249071866273880005e-03
-7.228277157992124557e-03
-1.183859072625637054e-02
7.927750237286090851e-03
3.863318590447306633e-03
9.841036517173051834e-04
-8.930575102567672729e-03
5.161507055163383484e-03
-5.700012668967247009e-03
9.949903935194015503e-03
-4.083359614014625549e-03
3.413214348256587982e-03
-1.311778929084539413e-02
1.170322857797145844e-02
-1.384620554745197296e-02
7.173330988734960556e-03
-2.779707312583923340e-03
-7.723394781351089478e-03
-1.166349370032548904e-02
1.757597667165100574e-03
2.386890118941664696e-03
-4.369663540273904800e-03
-4.954757168889045715e-03
1.808811351656913757e-02
1.121124066412448883e-02
8.054501377046108246e-03
7.588140200823545456e-03
5.498004145920276642e-03
-1.057248283177614212e-02
6.812772713601589203e-03
-2.069196663796901703e-02
-6.832465995103120804e-03
3.305091755464673042e-03
-7.847700268030166626e-03
1.366982888430356979e-02
7.527576759457588196e-03
7.873494178056716919e-03
-9.017944335937500000e-03
-1.453395467251539230e-02
-1.458499487489461899e-02
-1.253347005695104599e-02
1.935877092182636261e-02
-1.229652483016252518e-02
-9.491189382970333099e-03
1.958317589014768600e-03
-9.998650290071964264e-03
-9.912814013659954071e-03
1.832463033497333527e-02
8.638985455036163330e-03
3.509865142405033112e-03
-8.795289322733879089e-03
1.815501786768436432e-02
8.448489010334014893e-03
8.517141453921794891e-03
-7.000130601227283478e-03
-1.506213005632162094e-02
-1.019655261188745499e-02
-5.830319598317146301e-03
-4.161752760410308838e-03
7.220105733722448349e-03
1.096696010790765285e-03
-8.962411433458328247e-03
6.256178952753543854e-03
-2.837830921635031700e-03
-1.248661335557699203e-02
-2.812461927533149719e-03
-1.488727238029241562e-02
-9.323259815573692322e-03
9.372643195092678070e-03
-1.012994558550417423e-03
1.507949084043502808e-03
-1.288336981087923050e-02
7.847675122320652008e-03
-6.266425363719463348e-03
1.242117676883935928e-02
1.668350212275981903e-02
6.343625951558351517e-03
-1.060029678046703339e-02
-1.137751154601573944e-02
2.601851709187030792e-02
1.909201219677925110e-02
1.603301614522933960e-02
1.394030544906854630e-02
-1.490335259586572647e-02
2.127818204462528229e-02
-8.979070931673049927e-03
-8.717581629753112793e-03
-1.694737747311592102e-02
1.315996423363685608e-02
1.788104511797428131e-02
6.913047283887863159e-03
1.595231331884860992e-02
-1.194213237613439560e-02
1.185408234596252441e-02
2.132771536707878113e-03
-6.673026364296674728e-03
1.279807556420564651e-02
-1.277888286858797073e-02
1.546462904661893845e-02
9.902494959533214569e-03
1.006806828081607819e-02
4.340715531725436449e-04
1.251237187534570694e-02
-3.604463301599025726e-03
-7.635012734681367874e-03
1.418512128293514252e-02
-6.702802143990993500e-03
-3.939729183912277222e-03
-7.698700763285160065e-03
5.130107980221509933e-03
2.440814569126814604e-04
7.130385376513004303e-03
-1.977693289518356323e-02
-8.487534360028803349e-04
8.349537965841591358e-04
-7.444792892783880234e-03
7.280860096216201782e-03
-1.467226259410381317e-02
-1.291574724018573761e-02
3.866193816065788269e-03
1.191086322069168091e-02
-1.934481225907802582e-02
-1.335447747260332108e-02
1.136332936584949493e-02
